0.027027
0.027027
0
0
0
0
0
0
0
0
0
0
0
0
0
0.225225
0.135135
0
0.00900901
0.0810811
0.414414
0.018018
0.00900901
0.018018
0.045045
0.018018
0.153153
0.153153
0.00900901
0
0
0.0810811
0
0
0.00900901
0.018018
0
0
0.00900901
0
0.540541
0.0900901
0.387387
0.027027
0.036036
0.108108
0.018018
0.027027
0.027027
0.0540541
0.0720721
0.018018
0.018018
0.171171
0.018018
0.045045
0.018018
0.486486
1
0.333333
0
0
0.0720721
0.0990991
0.027027
0.0540541
0
0.261261
0.162162
0
0.0990991
0.117117
0.045045
0.036036
0.0720721
0.567568
0.522523
0
0.108108
0.387387
0.0630631
0
0.00900901
0.027027
0
0
0
0
0
0
0
0
0
0
0
0.108108
0.153153
0.144144
0.261261
0.342342
0.126126
0
0.0810811
0.0810811
0.027027
0.0990991
0.27027
0.198198
0.00900901
0
0.027027
0.00900901
0
0.00900901
0
0
0.018018
0
0
0.117117
0.126126
0.126126
0.135135
0.333333
0.171171
0.036036
0.00900901
0.135135
0.0540541
0.00900901
0.432432
0.0720721
0.0540541
0.0810811
0.0990991
0.216216
0.603604
0.027027
0.00900901
0
0.027027
0
0
0.027027
0.027027
0.036036
0.00900901
0
0.0630631
0
0
0
0.027027
0.297297
0.0900901
0.117117
0.306306
0
0.0540541
0.036036
0.045045
0.0720721
0.0990991
0
0.477477
0.027027
0
0.171171
0.045045
0.126126
0.135135
0.63964
0.018018
0
0
0.018018
0
0
0
0
0.027027
0
0.027027
0
0.018018
0.216216
0.0990991
0.0630631
0.522523
